% latex table generated in R 4.2.1 by xtable 1.8-4 package
% Wed Mar 29 10:24:38 2023
\begin{table}[ht]
\centering
\begin{tabular}{|l|cccc|}
  \hline
Method & $\hat{K} < K$ & $\hat{K} = K$ & $\hat{K} > K$ & $\operatorname{MISE}$ \\ 
  \hline
$2$-fold $\operatorname{CV}_{(1)}$ &     0 & 80.41 & 19.59 & 0.005233 \\ 
  $5$-fold $\operatorname{CV}_{(1)}$ &     0 & 76.49 & 23.51 & 0.005743 \\ 
  $10$-fold $\operatorname{CV}_{(1)}$ &     0 &  72.9 &  27.1 & 0.006056 \\ 
  $20$-fold $\operatorname{CV}_{(1)}$ &     0 & 70.73 & 29.27 & 0.00623 \\ 
  $\operatorname{COPSS}$ &     0 & 78.35 & 21.65 & 0.00549 \\ 
  $\operatorname{CV}_{(1)}$ &     0 & 77.57 & 22.43 & 0.005724 \\ 
  $\operatorname{CV}_{\operatorname{mod}}$ &     0 & 87.77 & 12.23 & 0.004541 \\ 
  $\operatorname{LooVF}_2$ &     0 & 72.75 & 27.25 & 0.005826 \\ 
  $\operatorname{LooVF}_5$ &     0 &  70.4 &  29.6 & 0.006228 \\ 
  $\operatorname{PELT}$ &     0 &  8.68 & 91.32 & 0.01827 \\ 
  $\operatorname{WBS}$ &     0 &  5.24 & 94.76 & 0.01726 \\ 
  $\operatorname{FDRSeg}$ &     0 &  2.76 & 97.24 & 0.02421 \\ 
  $\operatorname{Ms.FPOP}$ &     0 &  49.7 &  50.3 & 0.009256 \\ 
  $\operatorname{Biweight}$ &     0 & 24.41 & 75.59 & 0.0137 \\ 
   \hline
\end{tabular}
\caption{Arlot II ...} 
\end{table}
