% latex table generated in R 4.2.1 by xtable 1.8-4 package
% Wed Mar 22 11:35:17 2023
\begin{table}[ht]
\centering
\begin{tabular}{l|cccc}
  \hline
Method & $\hat{K} < K$ & $\hat{K} = K$ & $\hat{K} > K$ & MISE \\ 
  \hline
arlotV2 &  1.26 & 65.33 & 33.41 & 0.02598 \\ 
  arlotV5 &   0.6 & 68.66 & 30.74 & 0.0243 \\ 
  copps &  0.76 &  71.6 & 27.64 & 0.02531 \\ 
  CV1 &  0.21 & 66.97 & 32.82 & 0.02725 \\ 
  CVmod &  2.87 & 81.36 & 15.77 & 0.02342 \\ 
  CV2fold &  0.34 & 67.74 & 31.92 & 0.02539 \\ 
  CV5fold &   0.2 & 70.66 & 29.14 & 0.02445 \\ 
  CV10fold &  0.13 & 68.61 & 31.26 & 0.02479 \\ 
  CV20fold &  0.16 & 66.76 & 33.08 & 0.02529 \\ 
  nonAdaptiveCV5fold &   0.2 & 69.85 & 29.95 & 0.02506 \\ 
  pelt &     0 &  0.36 & 99.64 & 0.08918 \\ 
  binseg &     0 &  6.21 & 93.79 & 0.05881 \\ 
  sbs &     0 & 21.07 & 78.93 & 0.04642 \\ 
  wbs &     0 &  0.13 & 99.87 & 0.08213 \\ 
  fdrseg &     0 &  0.02 & 99.98 & 0.1032 \\ 
  smuce &     0 & 11.69 & 88.31 & 0.04869 \\ 
  hsmuce & 94.38 &  5.62 &     0 & 0.1106 \\ 
  msfpop &     0 & 12.32 & 87.68 & 0.05875 \\ 
  huber &     0 &  1.07 & 98.93 & 0.08513 \\ 
  biweight &     0 & 12.35 & 87.65 & 0.0559 \\ 
   \hline
\end{tabular}
\caption{test} 
\end{table}
