% latex table generated in R 4.2.1 by xtable 1.8-4 package
% Wed Mar 22 12:15:06 2023
\begin{table}[ht]
\centering
\begin{tabular}{l|cccc}
  \hline
Method & $\hat{K} < K$ & $\hat{K} = K$ & $\hat{K} > K$ & MISE \\ 
  \hline
arlotV2 &     0 & 72.75 & 27.25 & 0.005826 \\ 
  arlotV5 &     0 &  70.4 &  29.6 & 0.006228 \\ 
  copps &     0 & 78.35 & 21.65 & 0.00549 \\ 
  CV1 &     0 & 77.57 & 22.43 & 0.005724 \\ 
  CVmod &     0 & 87.77 & 12.23 & 0.004541 \\ 
  CV2fold &     0 & 80.41 & 19.59 & 0.005233 \\ 
  CV5fold &     0 & 76.49 & 23.51 & 0.005743 \\ 
  CV10fold &     0 &  72.9 &  27.1 & 0.006056 \\ 
  CV20fold &     0 & 70.73 & 29.27 & 0.00623 \\ 
  nonAdaptiveCV5fold &     0 & 75.92 & 24.08 & 0.005861 \\ 
  pelt &     0 &  8.68 & 91.32 & 0.01827 \\ 
  binseg &     0 & 19.97 & 80.03 & 0.0116 \\ 
  sbs &     0 & 45.17 & 54.83 & 0.008764 \\ 
  wbs &     0 &  5.24 & 94.76 & 0.01726 \\ 
  fdrseg &     0 &  2.76 & 97.24 & 0.02421 \\ 
  smuce &     0 & 54.82 & 45.18 & 0.007359 \\ 
  hsmuce & 46.75 & 53.25 &     0 &  0.06 \\ 
  msfpop &     0 &  49.7 &  50.3 & 0.009256 \\ 
  huber &     0 &  9.99 & 90.01 & 0.01762 \\ 
  biweight &     0 & 24.41 & 75.59 & 0.0137 \\ 
   \hline
\end{tabular}
\caption{test} 
\end{table}
