% latex table generated in R 4.2.1 by xtable 1.8-4 package
% Wed Mar 22 12:14:41 2023
\begin{table}[ht]
\centering
\begin{tabular}{l|cccc}
  \hline
Method & $\hat{K} < K$ & $\hat{K} = K$ & $\hat{K} > K$ & MISE \\ 
  \hline
arlotV2 &     0 & 74.03 & 25.97 & 0.006866 \\ 
  arlotV5 &     0 & 69.47 & 30.53 & 0.007342 \\ 
  copps &     0 &  82.3 &  17.7 & 0.006193 \\ 
  CV1 &     0 & 84.26 & 15.74 & 0.006199 \\ 
  CVmod &     0 & 90.41 &  9.59 & 0.005648 \\ 
  CV2fold &     0 &  83.5 &  16.5 & 0.00613 \\ 
  CV5fold &     0 & 77.74 & 22.26 & 0.006659 \\ 
  CV10fold &     0 & 73.41 & 26.59 & 0.007089 \\ 
  CV20fold &     0 & 69.42 & 30.58 & 0.007407 \\ 
  nonAdaptiveCV5fold &     0 &  77.3 &  22.7 & 0.006761 \\ 
  pelt &     0 & 87.11 & 12.89 & 0.006028 \\ 
  binseg &     0 & 77.83 & 22.17 & 0.008404 \\ 
  sbs &     0 & 92.55 &  7.45 & 0.008838 \\ 
  wbs &     0 & 90.95 &  9.05 & 0.005569 \\ 
  fdrseg &     0 & 80.51 & 19.49 & 0.006702 \\ 
  smuce &     0 & 99.95 &  0.05 & 0.005066 \\ 
  hsmuce & 73.11 & 26.89 &     0 & 0.09989 \\ 
  msfpop &     0 & 99.25 &  0.75 & 0.005122 \\ 
  huber &     0 & 75.18 & 24.82 & 0.007031 \\ 
  biweight &     0 &  89.3 &  10.7 & 0.006057 \\ 
   \hline
\end{tabular}
\caption{test} 
\end{table}
