% latex table generated in R 4.2.1 by xtable 1.8-4 package
% Thu Mar 23 04:37:47 2023
\begin{table}[ht]
\centering
\begin{tabular}{l|cccc}
  \hline
Method & $\hat{K} < K$ & $\hat{K} = K$ & $\hat{K} > K$ & MISE \\ 
  \hline
copps &  24.5 & 66.27 &  9.23 & 1.114 \\ 
  CV1 & 23.13 & 66.59 & 10.28 & 1.109 \\ 
  CVmod & 21.76 & 69.15 &  9.09 & 1.099 \\ 
  CV2fold &  22.3 & 67.22 & 10.48 & 1.106 \\ 
  CV5fold &  7.78 & 76.46 & 15.76 & 1.047 \\ 
  nonAdaptiveCV5fold &  7.77 & 76.43 &  15.8 & 1.047 \\ 
  pelt &  3.76 &  92.9 &  3.34 & 0.9741 \\ 
  binseg &  5.27 & 64.59 & 30.14 & 1.334 \\ 
  sbs & 34.56 & 57.42 &  8.02 & 1.628 \\ 
  wbs & 25.66 & 72.44 &   1.9 & 1.205 \\ 
  fdrseg &  2.51 & 75.16 & 22.33 & 1.046 \\ 
  smuce & 98.02 &  1.98 &     0 & 1.697 \\ 
  hsmuce & 99.98 &  0.02 &     0 & 6.322 \\ 
  msfpop & 10.08 & 89.18 &  0.74 & 0.994 \\ 
  huber &   1.8 & 86.32 & 11.88 & 1.025 \\ 
  biweight &  4.39 &  92.7 &  2.91 & 1.006 \\ 
   \hline
\end{tabular}
\caption{test} 
\end{table}
