% latex table generated in R 4.2.1 by xtable 1.8-4 package
% Thu Mar  9 04:24:26 2023
\begin{table}[ht]
\centering
\begin{tabular}{l|cccc}
  \hline
Method & $\hat{K} < K$ & $\hat{K} = K$ & $\hat{K} > K$ & MISE \\ 
  \hline
copps & 42.07 & 49.59 &  8.34 & 1.399 \\ 
  CV1 &  32.3 &  53.6 &  14.1 & 1.372 \\ 
  CVmod & 40.97 & 51.53 &   7.5 & 1.399 \\ 
  CV2fold & 31.33 & 54.09 & 14.58 & 1.366 \\ 
  CV5fold & 13.63 & 68.17 &  18.2 &  1.28 \\ 
  nonAdaptiveCV5fold & 13.62 & 68.07 & 18.31 & 1.284 \\ 
  pelt &  0.58 & 18.58 & 80.84 & 2.339 \\ 
  binseg &  1.72 & 36.76 & 61.52 & 1.587 \\ 
  sbs & 19.34 & 60.31 & 20.35 & 1.624 \\ 
  wbs &  3.88 & 20.73 & 75.39 & 1.959 \\ 
  fdrseg &  0.01 &   0.3 & 99.69 & 4.945 \\ 
  smuce & 59.89 & 27.47 & 12.64 & 1.808 \\ 
  hsmuce & 99.96 &  0.04 &     0 & 6.395 \\ 
  msfpop &  3.92 & 65.23 & 30.85 & 1.368 \\ 
  huber &  0.51 & 30.27 & 69.22 &  1.86 \\ 
  biweight &  2.14 & 52.56 &  45.3 & 1.704 \\ 
   \hline
\end{tabular}
\caption{test} 
\end{table}
