% latex table generated in R 4.2.1 by xtable 1.8-4 package
% Wed Mar  8 23:23:12 2023
\begin{table}[ht]
\centering
\begin{tabular}{l|cccc}
  \hline
Method & $\hat{K} < K$ & $\hat{K} = K$ & $\hat{K} > K$ & MISE \\ 
  \hline
copps & 43.81 & 46.11 & 10.08 &  1.48 \\ 
  CV1 &  33.5 &  49.2 &  17.3 & 1.457 \\ 
  CVmod & 43.13 & 47.55 &  9.32 &  1.48 \\ 
  CV2fold & 33.06 & 49.38 & 17.56 & 1.458 \\ 
  CV5fold & 15.78 & 64.63 & 19.59 & 1.354 \\ 
  nonAdaptiveCV5fold & 15.74 & 64.55 & 19.71 & 1.357 \\ 
  pelt &  1.64 & 25.44 & 72.92 & 2.652 \\ 
  binseg &  3.28 & 32.34 & 64.38 & 1.769 \\ 
  sbs & 22.82 & 54.66 & 22.52 & 1.729 \\ 
  wbs &  9.35 & 27.95 &  62.7 &  2.02 \\ 
  fdrseg &  0.42 &   3.6 & 95.98 & 6.337 \\ 
  smuce & 57.53 &  21.7 & 20.77 & 2.041 \\ 
  hsmuce & 99.96 &  0.04 &     0 & 6.899 \\ 
  msfpop &  6.25 & 54.76 & 38.99 & 1.608 \\ 
  huber &  0.95 & 28.68 & 70.37 & 2.244 \\ 
  biweight &  3.36 & 43.66 & 52.98 &  2.09 \\ 
   \hline
\end{tabular}
\caption{test} 
\end{table}
