% latex table generated in R 4.2.1 by xtable 1.8-4 package
% Tue May  9 17:52:57 2023
\begin{table}[ht]
\centering
\begin{tabular}{l|cccc}
  \hline
Method & $\hat{K} < K$ & $\hat{K} = K$ & $\hat{K} > K$ & MISE \\ 
  \hline
copps &  7.56 & 80.79 & 11.65 & 0.4531 \\ 
  CV1 &  3.72 & 80.98 &  15.3 & 0.4408 \\ 
  CVmod &  6.51 & 82.22 & 11.27 & 0.4454 \\ 
  CV2fold &  3.45 & 81.07 & 15.48 & 0.4393 \\ 
  CV5fold &  0.88 & 80.11 & 19.01 & 0.4409 \\ 
  nonAdaptiveCV5fold &  0.88 & 80.05 & 19.07 & 0.442 \\ 
  pelt &  0.01 &  3.75 & 96.24 &   4.8 \\ 
  binseg &  0.01 &  8.56 & 91.43 & 1.349 \\ 
  sbs &  0.18 &  29.5 & 70.32 & 1.203 \\ 
  wbs &     0 &  5.01 & 94.99 & 2.628 \\ 
  fdrseg &     0 &  0.24 & 99.76 & 8.905 \\ 
  smuce &  3.35 & 11.66 & 84.99 & 2.137 \\ 
  hsmuce & 77.62 & 22.32 &  0.06 & 2.044 \\ 
  msfpop &  0.01 & 12.82 & 87.17 & 2.881 \\ 
  huber &     0 &  4.95 & 95.05 & 3.404 \\ 
  biweight &  0.02 &  9.62 & 90.36 &  2.41 \\ 
   \hline
\end{tabular}
\caption{test} 
\end{table}
