% latex table generated in R 4.2.1 by xtable 1.8-4 package
% Wed Mar  8 23:13:08 2023
\begin{table}[ht]
\centering
\begin{tabular}{l|cccc}
  \hline
Method & $\hat{K} < K$ & $\hat{K} = K$ & $\hat{K} > K$ & MISE \\ 
  \hline
copps & 31.42 & 62.07 &  6.51 & 1.208 \\ 
  CV1 & 27.59 & 62.76 &  9.65 & 1.204 \\ 
  CVmod & 30.88 & 64.32 &   4.8 & 1.206 \\ 
  CV2fold & 26.73 & 63.53 &  9.74 & 1.199 \\ 
  CV5fold & 10.21 & 77.51 & 12.28 & 1.101 \\ 
  nonAdaptiveCV5fold & 10.19 & 77.42 & 12.39 & 1.103 \\ 
  pelt &  3.41 & 76.94 & 19.65 &  1.17 \\ 
  binseg &  5.53 & 62.51 & 31.96 & 1.398 \\ 
  sbs & 35.49 & 56.22 &  8.29 & 1.685 \\ 
  wbs & 22.85 & 61.79 & 15.36 & 1.364 \\ 
  fdrseg &  1.54 & 41.13 & 57.33 & 1.505 \\ 
  smuce & 94.01 &   4.6 &  1.39 & 1.809 \\ 
  hsmuce &   100 &     0 &     0 & 6.725 \\ 
  msfpop & 10.81 &  87.2 &  1.99 &  1.06 \\ 
  huber &  2.02 & 84.59 & 13.39 & 1.061 \\ 
  biweight &     5 & 92.13 &  2.87 & 1.034 \\ 
   \hline
\end{tabular}
\caption{test} 
\end{table}
