% latex table generated in R 4.2.1 by xtable 1.8-4 package
% Thu Mar  9 03:35:53 2023
\begin{table}[ht]
\centering
\begin{tabular}{l|cccc}
  \hline
Method & $\hat{K} < K$ & $\hat{K} = K$ & $\hat{K} > K$ & MISE \\ 
  \hline
copps & 54.54 & 39.62 &  5.84 & 1.572 \\ 
  CV1 & 40.52 & 41.85 & 17.63 & 1.573 \\ 
  CVmod & 64.02 & 35.29 &  0.69 & 1.816 \\ 
  CV2fold & 39.93 & 42.01 & 18.06 & 1.571 \\ 
  CV5fold & 18.86 &    71 & 10.14 & 1.264 \\ 
  nonAdaptiveCV5fold & 18.84 & 70.97 & 10.19 & 1.266 \\ 
  pelt &  0.74 & 14.33 & 84.93 &  2.73 \\ 
  binseg &  5.36 & 58.24 &  36.4 & 1.503 \\ 
  sbs & 34.72 &    55 & 10.28 & 1.773 \\ 
  wbs &  7.19 & 18.13 & 74.68 & 2.372 \\ 
  fdrseg &  0.08 &  1.62 &  98.3 & 3.937 \\ 
  smuce & 43.38 & 21.81 & 34.81 & 2.693 \\ 
  hsmuce & 99.99 &  0.01 &     0 & 7.022 \\ 
  msfpop &  7.96 & 59.39 & 32.65 & 1.575 \\ 
  huber &  1.93 & 79.06 & 19.01 & 1.157 \\ 
  biweight &  5.33 & 91.83 &  2.84 & 1.031 \\ 
   \hline
\end{tabular}
\caption{test} 
\end{table}
