% latex table generated in R 4.2.1 by xtable 1.8-4 package
% Wed Mar  8 23:08:25 2023
\begin{table}[ht]
\centering
\begin{tabular}{l|cccc}
  \hline
Method & $\hat{K} < K$ & $\hat{K} = K$ & $\hat{K} > K$ & MISE \\ 
  \hline
copps & 48.56 & 35.54 &  15.9 & 2.152 \\ 
  CV1 & 28.87 & 35.62 & 35.51 & 2.153 \\ 
  CVmod &  72.8 & 26.71 &  0.49 & 3.565 \\ 
  CV2fold &  28.2 & 35.67 & 36.13 & 2.158 \\ 
  CV5fold &  17.4 & 58.08 & 24.52 & 1.722 \\ 
  nonAdaptiveCV5fold & 17.34 & 58.07 & 24.59 & 1.725 \\ 
  pelt &  0.02 &  3.24 & 96.74 & 4.261 \\ 
  binseg &  1.28 & 45.78 & 52.94 & 1.411 \\ 
  sbs &  15.3 &  63.7 &    21 & 1.533 \\ 
  wbs &  0.75 &  6.65 &  92.6 & 3.324 \\ 
  fdrseg &     0 &  0.12 & 99.88 & 6.265 \\ 
  smuce & 11.11 & 10.76 & 78.13 & 3.813 \\ 
  hsmuce & 99.99 &  0.01 &     0 & 5.899 \\ 
  msfpop &  0.84 & 22.98 & 76.18 & 2.873 \\ 
  huber &   0.2 & 47.73 & 52.07 & 1.929 \\ 
  biweight &   1.6 & 93.11 &  5.29 & 0.8514 \\ 
   \hline
\end{tabular}
\caption{test} 
\end{table}
