% latex table generated in R 4.2.1 by xtable 1.8-4 package
% Wed Mar  8 01:58:29 2023
\begin{table}[ht]
\centering
\begin{tabular}{l|cccc}
  \hline
Method & $\hat{K} < K$ & $\hat{K} = K$ & $\hat{K} > K$ & MISE \\ 
  \hline
copps & 23.17 & 67.38 &  9.45 & 1.104 \\ 
  CV1 & 22.07 & 67.65 & 10.28 &   1.1 \\ 
  CVmod & 21.03 & 69.78 &  9.19 &  1.09 \\ 
  CV2fold & 22.03 &  67.6 & 10.37 &   1.1 \\ 
  CV5fold &  7.82 & 76.48 &  15.7 & 1.042 \\ 
  CV5foldTestKmax &  7.85 & 76.52 & 15.63 &  1.04 \\ 
  pelt &  3.81 & 92.81 &  3.38 & 0.9675 \\ 
  binseg &  5.14 &    65 & 29.86 & 1.318 \\ 
  sbs &  32.6 & 59.32 &  8.08 & 1.604 \\ 
  wbs & 24.52 & 73.46 &  2.02 & 1.195 \\ 
  fdrseg &  2.36 & 76.07 & 21.57 & 1.039 \\ 
  smuce & 97.75 &  2.25 &     0 & 1.669 \\ 
  hsmuce &   100 &     0 &     0 & 6.311 \\ 
  msfpop &     0 &     0 &   100 & 44.74 \\ 
  huber &  1.78 & 85.56 & 12.66 & 60.02 \\ 
  biweight &  4.51 & 92.71 &  2.78 & 60.15 \\ 
   \hline
\end{tabular}
\caption{test} 
\end{table}
