% latex table generated in R 4.2.1 by xtable 1.8-4 package
% Tue May  9 17:49:32 2023
\begin{table}[ht]
\centering
\begin{tabular}{l|cccc}
  \hline
Method & $\hat{K} < K$ & $\hat{K} = K$ & $\hat{K} > K$ & MISE \\ 
  \hline
copps &   4.9 &  84.3 &  10.8 & 0.4128 \\ 
  CV1 &  1.95 & 84.44 & 13.61 & 0.4063 \\ 
  CVmod &  4.17 & 85.69 & 10.14 & 0.4074 \\ 
  CV2fold &  1.86 & 84.67 & 13.47 & 0.4029 \\ 
  CV5fold &   0.2 & 81.66 & 18.14 & 0.4148 \\ 
  nonAdaptiveCV5fold &   0.2 & 81.56 & 18.24 & 0.4164 \\ 
  pelt &     0 &  0.01 & 99.99 & 5.034 \\ 
  binseg &     0 &  3.38 & 96.62 &  1.13 \\ 
  sbs &     0 & 28.17 & 71.83 & 0.6541 \\ 
  wbs &     0 &  0.01 & 99.99 & 2.764 \\ 
  fdrseg &     0 &     0 &   100 & 9.567 \\ 
  smuce &  0.02 &  0.57 & 99.41 & 1.754 \\ 
  hsmuce & 63.69 & 36.07 &  0.24 & 1.795 \\ 
  msfpop &     0 &  1.24 & 98.76 & 2.515 \\ 
  huber &     0 &  0.25 & 99.75 & 2.934 \\ 
  biweight &     0 &  1.98 & 98.02 &  2.04 \\ 
   \hline
\end{tabular}
\caption{test} 
\end{table}
