% latex table generated in R 4.2.1 by xtable 1.8-4 package
% Wed Mar 22 16:23:30 2023
\begin{table}[ht]
\centering
\begin{tabular}{l|cccc}
  \hline
Method & $\hat{K} < K$ & $\hat{K} = K$ & $\hat{K} > K$ & MISE \\ 
  \hline
arlotV2 &  1.01 & 80.68 & 18.31 & 0.05152 \\ 
  arlotV5 &  0.04 & 77.58 & 22.38 & 0.0525 \\ 
  copps &  0.66 & 84.38 & 14.96 & 0.04919 \\ 
  CV1 &  0.97 & 83.14 & 15.89 & 0.05101 \\ 
  CVmod &  0.75 & 86.53 & 12.72 & 0.0479 \\ 
  CV2fold &  1.23 & 83.32 & 15.45 & 0.05142 \\ 
  CV5fold &  0.06 & 78.33 & 21.61 & 0.05305 \\ 
  CV10fold &  0.05 & 73.14 & 26.81 & 0.05731 \\ 
  CV20fold &  0.02 & 67.75 & 32.23 & 0.06125 \\ 
  nonAdaptiveCV5fold &  0.06 & 78.21 & 21.73 & 0.05347 \\ 
  pelt &  0.01 & 90.75 &  9.24 & 0.04632 \\ 
  binseg & 35.45 & 31.94 & 32.61 & 0.1743 \\ 
  sbs & 83.09 & 11.05 &  5.86 & 0.3178 \\ 
  wbs &  0.01 & 87.84 & 12.15 & 0.0455 \\ 
  fdrseg &  0.07 & 86.51 & 13.42 & 0.04913 \\ 
  smuce &  9.93 & 89.97 &   0.1 & 0.07232 \\ 
  hsmuce & 98.63 &  1.35 &  0.02 & 0.3515 \\ 
  msfpop &  0.05 & 98.94 &  1.01 & 0.04055 \\ 
  huber &     0 & 81.69 & 18.31 & 0.05359 \\ 
  biweight &  0.01 & 92.64 &  7.35 & 0.04613 \\ 
   \hline
\end{tabular}
\caption{test} 
\end{table}
