% latex table generated in R 4.2.1 by xtable 1.8-4 package
% Wed Mar 22 21:43:04 2023
\begin{table}[ht]
\centering
\begin{tabular}{l|cccc}
  \hline
Method & $\hat{K} < K$ & $\hat{K} = K$ & $\hat{K} > K$ & MISE \\ 
  \hline
arlotV2 & 33.15 & 53.26 & 13.59 & 0.08703 \\ 
  arlotV5 & 15.48 & 64.13 & 20.39 & 0.07086 \\ 
  copps &  28.7 & 57.08 & 14.22 & 0.08195 \\ 
  CV1 & 30.77 & 53.74 & 15.49 & 0.08562 \\ 
  CVmod & 31.48 &  56.9 & 11.62 & 0.08361 \\ 
  CV2fold & 36.39 & 51.07 & 12.54 & 0.09098 \\ 
  CV5fold & 14.44 & 65.34 & 20.22 & 0.07011 \\ 
  CV10fold & 11.18 & 63.67 & 25.15 & 0.07032 \\ 
  CV20fold &    10 & 59.21 & 30.79 & 0.07334 \\ 
  nonAdaptiveCV5fold &  14.4 & 65.27 & 20.33 & 0.07042 \\ 
  pelt & 12.12 & 79.95 &  7.93 & 0.06073 \\ 
  binseg & 92.86 &  3.15 &  3.99 & 0.1568 \\ 
  sbs & 99.54 &  0.37 &  0.09 & 0.1588 \\ 
  wbs &  8.78 & 79.34 & 11.88 & 0.05714 \\ 
  fdrseg & 35.91 & 56.87 &  7.22 & 0.09241 \\ 
  smuce & 86.11 & 13.82 &  0.07 & 0.1507 \\ 
  hsmuce & 99.84 &  0.16 &     0 & 0.1624 \\ 
  msfpop & 34.08 & 65.01 &  0.91 & 0.08182 \\ 
  huber &  7.11 & 75.52 & 17.37 & 0.06253 \\ 
  biweight & 16.75 &  77.1 &  6.15 & 0.06554 \\ 
   \hline
\end{tabular}
\caption{test} 
\end{table}
