% latex table generated in R 4.2.1 by xtable 1.8-4 package
% Wed Mar 22 15:39:03 2023
\begin{table}[ht]
\centering
\begin{tabular}{l|cccc}
  \hline
Method & $\hat{K} < K$ & $\hat{K} = K$ & $\hat{K} > K$ & MISE \\ 
  \hline
arlotV2 & 10.92 & 71.37 & 17.71 & 0.06956 \\ 
  arlotV5 &  2.61 & 74.58 & 22.81 & 0.05815 \\ 
  copps &  8.92 & 75.85 & 15.23 & 0.06492 \\ 
  CV1 & 10.61 & 72.83 & 16.56 & 0.0693 \\ 
  CVmod &  9.75 & 77.59 & 12.66 & 0.06499 \\ 
  CV2fold & 13.29 &  71.2 & 15.51 & 0.07345 \\ 
  CV5fold &  2.68 & 76.03 & 21.29 & 0.05779 \\ 
  CV10fold &  1.89 & 71.16 & 26.95 & 0.06026 \\ 
  CV20fold &  1.73 & 66.36 & 31.91 & 0.06397 \\ 
  nonAdaptiveCV5fold &  2.67 & 75.97 & 21.36 & 0.05806 \\ 
  pelt &  1.38 &  90.1 &  8.52 & 0.04915 \\ 
  binseg & 80.43 &   8.2 & 11.37 & 0.2047 \\ 
  sbs & 97.73 &   1.5 &  0.77 & 0.2281 \\ 
  wbs &  1.01 & 86.82 & 12.17 & 0.04803 \\ 
  fdrseg &  6.03 & 81.59 & 12.38 & 0.06085 \\ 
  smuce &  55.8 & 44.12 &  0.08 & 0.1521 \\ 
  hsmuce & 99.88 &  0.12 &     0 & 0.2337 \\ 
  msfpop &  6.59 & 92.32 &  1.09 & 0.05332 \\ 
  huber &  0.49 &  81.4 & 18.11 & 0.05498 \\ 
  biweight &  2.01 &  91.1 &  6.89 & 0.05034 \\ 
   \hline
\end{tabular}
\caption{test} 
\end{table}
