% latex table generated in R 4.2.1 by xtable 1.8-4 package
% Wed Mar 22 21:43:11 2023
\begin{table}[ht]
\centering
\begin{tabular}{l|cccc}
  \hline
Method & $\hat{K} < K$ & $\hat{K} = K$ & $\hat{K} > K$ & MISE \\ 
  \hline
arlotV2 & 18.61 & 66.11 & 15.28 & 0.08379 \\ 
  arlotV5 &  2.26 & 73.44 &  24.3 & 0.05007 \\ 
  copps & 26.68 & 62.75 & 10.57 & 0.1017 \\ 
  CV1 & 27.37 & 62.29 & 10.34 & 0.103 \\ 
  CVmod &  6.86 & 80.83 & 12.31 & 0.05266 \\ 
  CV2fold & 11.29 & 75.34 & 13.37 & 0.06415 \\ 
  CV5fold &  2.09 &  76.7 & 21.21 & 0.04884 \\ 
  CV10fold &  1.62 &  71.4 & 26.98 & 0.05183 \\ 
  CV20fold &  1.49 & 66.44 & 32.07 & 0.05528 \\ 
  nonAdaptiveCV5fold &  2.08 & 76.64 & 21.28 & 0.04901 \\ 
  pelt &  0.56 &  91.1 &  8.34 & 0.03865 \\ 
  binseg & 90.39 &  2.89 &  6.72 & 0.2523 \\ 
  sbs & 99.26 &  0.36 &  0.38 & 0.266 \\ 
  wbs &  0.28 & 87.44 & 12.28 & 0.03777 \\ 
  fdrseg &  4.87 & 84.75 & 10.38 & 0.05035 \\ 
  smuce & 40.13 & 59.74 &  0.13 & 0.1289 \\ 
  hsmuce & 99.99 &  0.01 &     0 & 0.2675 \\ 
  msfpop &  3.97 & 94.97 &  1.06 & 0.04143 \\ 
  huber &  0.26 & 81.88 & 17.86 & 0.04497 \\ 
  biweight &  1.78 & 91.56 &  6.66 & 0.04118 \\ 
   \hline
\end{tabular}
\caption{test} 
\end{table}
