% latex table generated in R 4.2.1 by xtable 1.8-4 package
% Wed Mar 22 21:43:39 2023
\begin{table}[ht]
\centering
\begin{tabular}{l|cccc}
  \hline
Method & $\hat{K} < K$ & $\hat{K} = K$ & $\hat{K} > K$ & MISE \\ 
  \hline
arlotV2 & 61.92 &    29 &  9.08 & 0.09794 \\ 
  arlotV5 & 33.03 & 48.53 & 18.44 & 0.07943 \\ 
  copps & 67.59 & 26.38 &  6.03 & 0.1029 \\ 
  CV1 & 67.33 &  25.7 &  6.97 & 0.1033 \\ 
  CVmod & 53.08 & 37.46 &  9.46 & 0.08971 \\ 
  CV2fold & 57.91 & 32.98 &  9.11 & 0.09507 \\ 
  CV5fold & 31.82 & 50.91 & 17.27 & 0.07822 \\ 
  CV10fold & 26.91 & 50.92 & 22.17 & 0.07852 \\ 
  CV20fold & 24.35 & 48.35 &  27.3 & 0.08044 \\ 
  nonAdaptiveCV5fold &  31.8 & 50.86 & 17.34 & 0.07851 \\ 
  pelt & 30.06 & 62.79 &  7.15 & 0.07085 \\ 
  binseg & 96.59 &  2.05 &  1.36 & 0.1237 \\ 
  sbs & 99.88 &  0.08 &  0.04 & 0.1216 \\ 
  wbs &  22.9 & 65.67 & 11.43 & 0.06609 \\ 
  fdrseg & 56.55 & 35.87 &  7.58 & 0.09902 \\ 
  smuce & 94.84 &  5.13 &  0.03 & 0.1251 \\ 
  hsmuce & 99.99 &  0.01 &     0 & 0.1221 \\ 
  msfpop &  60.7 & 38.56 &  0.74 & 0.09193 \\ 
  huber & 21.57 & 63.59 & 14.84 & 0.07032 \\ 
  biweight & 38.47 & 56.35 &  5.18 & 0.07644 \\ 
   \hline
\end{tabular}
\caption{test} 
\end{table}
