% latex table generated in R 4.2.1 by xtable 1.8-4 package
% Wed Mar 22 15:37:14 2023
\begin{table}[ht]
\centering
\begin{tabular}{l|cccc}
  \hline
Method & $\hat{K} < K$ & $\hat{K} = K$ & $\hat{K} > K$ & MISE \\ 
  \hline
arlotV2 &  3.96 & 78.78 & 17.26 & 0.05039 \\ 
  arlotV5 &  0.06 & 74.79 & 25.15 & 0.03826 \\ 
  copps &  9.56 & 75.71 & 14.73 & 0.07406 \\ 
  CV1 &  9.21 & 77.75 & 13.04 & 0.07238 \\ 
  CVmod &  0.33 & 89.91 &  9.76 & 0.03021 \\ 
  CV2fold &  1.11 & 85.19 &  13.7 & 0.03563 \\ 
  CV5fold &  0.05 & 78.73 & 21.22 & 0.0366 \\ 
  CV10fold &  0.05 & 73.53 & 26.42 & 0.04118 \\ 
  CV20fold &  0.02 & 67.78 &  32.2 & 0.0454 \\ 
  nonAdaptiveCV5fold &  0.05 & 78.69 & 21.26 & 0.03678 \\ 
  pelt &     0 & 91.43 &  8.57 & 0.02975 \\ 
  binseg & 78.95 &   4.4 & 16.65 & 0.3892 \\ 
  sbs & 97.19 &  0.78 &  2.03 & 0.4601 \\ 
  wbs &     0 & 88.42 & 11.58 & 0.02889 \\ 
  fdrseg &  0.01 & 87.06 & 12.93 & 0.03281 \\ 
  smuce &  1.81 & 98.09 &   0.1 & 0.03174 \\ 
  hsmuce & 99.99 &  0.01 &     0 & 0.4712 \\ 
  msfpop &     0 & 99.01 &  0.99 & 0.0244 \\ 
  huber &     0 & 82.55 & 17.45 & 0.03662 \\ 
  biweight &  0.02 &  93.1 &  6.88 & 0.02935 \\ 
   \hline
\end{tabular}
\caption{test} 
\end{table}
