% latex table generated in R 4.2.1 by xtable 1.8-4 package
% Tue Mar  7 17:26:01 2023
\begin{table}[ht]
\centering
\begin{tabular}{l|cccc}
  \hline
Method & $\hat{K} < K$ & $\hat{K} = K$ & $\hat{K} > K$ & MISE \\ 
  \hline
arlotV2 &     0 &    40 &    60 & 0.1058 \\ 
  arlotV5 &     0 &  42.4 &  57.6 & 0.1086 \\ 
  arlotV2rev &   100 &     0 &     0 &  8284 \\ 
  arlotV5rev &   100 &     0 &     0 &  8284 \\ 
  copps &   100 &     0 &     0 &  4.47 \\ 
  CV1 &     0 &  86.7 &  13.3 & 0.02154 \\ 
  CVmod &     0 &  93.5 &   6.5 & 0.01843 \\ 
  CV2fold &     0 &  88.8 &  11.2 & 0.0205 \\ 
  CV5fold &     0 &  79.3 &  20.7 & 0.02716 \\ 
  CV10fold &     0 &  73.4 &  26.6 & 0.03134 \\ 
  CV20fold &     0 &  68.5 &  31.5 & 0.0351 \\ 
  CV5foldTestKmax &     0 &  79.3 &  20.7 & 0.02706 \\ 
  pelt &     0 &  90.2 &   9.8 & 0.02149 \\ 
  binseg &     0 &  92.7 &   7.3 & 0.0192 \\ 
  sbs &     0 &  99.8 &   0.2 & 0.01508 \\ 
  wbs &     0 &  87.6 &  12.4 & 0.01968 \\ 
  fdrseg &     0 &  83.9 &  16.1 & 0.02352 \\ 
  smuce &     0 &   100 &     0 & 0.01494 \\ 
  hsmuce &    57 &  42.5 &   0.5 & 25.19 \\ 
  msfpop &     0 &  99.8 &   0.2 & 0.01508 \\ 
  huber &     0 &  81.1 &  18.9 & 40.35 \\ 
  biweight &     0 &  92.2 &   7.8 & 90.28 \\ 
   \hline
\end{tabular}
\caption{test} 
\end{table}
