% latex table generated in R 4.2.1 by xtable 1.8-4 package
% Thu Mar 23 09:31:34 2023
\begin{table}[ht]
\centering
\begin{tabular}{l|cccc}
  \hline
Method & $\hat{K} < K$ & $\hat{K} = K$ & $\hat{K} > K$ & MISE \\ 
  \hline
arlotV2 & 40.96 & 51.61 &  7.43 & 0.1938 \\ 
  arlotV5 & 26.01 & 59.55 & 14.44 & 0.1869 \\ 
  copps & 37.18 & 56.08 &  6.74 & 0.1865 \\ 
  CV1 & 38.62 & 52.82 &  8.56 & 0.1949 \\ 
  CVmod & 37.53 & 56.56 &  5.91 & 0.1842 \\ 
  CV2fold & 38.54 & 53.03 &  8.43 & 0.194 \\ 
  CV5fold & 25.21 & 58.53 & 16.26 & 0.1931 \\ 
  CV10fold & 21.37 & 56.51 & 22.12 & 0.2055 \\ 
  CV20fold & 17.45 & 54.51 & 28.04 & 0.2182 \\ 
  nonAdaptiveCV5fold & 25.19 & 58.49 & 16.32 & 0.1939 \\ 
  pelt & 23.32 & 66.57 & 10.11 & 0.1765 \\ 
  binseg & 24.42 & 70.69 &  4.89 & 0.1594 \\ 
  sbs & 62.66 & 37.05 &  0.29 & 0.2152 \\ 
  wbs & 39.42 & 50.16 & 10.42 & 0.1988 \\ 
  fdrseg & 30.42 & 64.59 &  4.99 & 0.1722 \\ 
  smuce & 69.11 & 30.85 &  0.04 & 0.2252 \\ 
  hsmuce & 83.85 & 16.14 &  0.01 & 0.2521 \\ 
  msfpop &  33.4 & 65.35 &  1.25 & 0.1625 \\ 
  huber & 14.66 & 66.08 & 19.26 & 0.1906 \\ 
  biweight & 25.14 & 67.37 &  7.49 & 0.1736 \\ 
   \hline
\end{tabular}
\caption{test} 
\end{table}
