% latex table generated in R 4.2.1 by xtable 1.8-4 package
% Thu Mar 23 09:27:45 2023
\begin{table}[ht]
\centering
\begin{tabular}{l|cccc}
  \hline
Method & $\hat{K} < K$ & $\hat{K} = K$ & $\hat{K} > K$ & MISE \\ 
  \hline
arlotV2 &     0 & 76.99 & 23.01 & 0.0002136 \\ 
  arlotV5 &     0 & 73.04 & 26.96 & 0.0002593 \\ 
  copps &     0 & 74.72 & 25.28 & 0.0002274 \\ 
  CV1 &     0 & 86.57 & 13.43 & 0.0001711 \\ 
  CVmod &     0 & 91.33 &  8.67 & 0.0001449 \\ 
  CV2fold &     0 & 88.13 & 11.87 & 0.0001636 \\ 
  CV5fold &     0 &  79.6 &  20.4 & 0.0002293 \\ 
  CV10fold &     0 & 73.69 & 26.31 & 0.0002821 \\ 
  CV20fold &     0 & 67.94 & 32.06 & 0.0003258 \\ 
  nonAdaptiveCV5fold &     0 & 79.58 & 20.42 & 0.0002303 \\ 
  pelt &     0 &  91.5 &   8.5 & 0.0001619 \\ 
  binseg &     0 & 93.61 &  6.39 & 0.0001376 \\ 
  sbs &     0 & 99.63 &  0.37 & 0.0001009 \\ 
  wbs &     0 & 86.32 & 13.68 & 0.0001598 \\ 
  fdrseg &     0 & 83.93 & 16.07 & 0.0001845 \\ 
  smuce &     0 & 99.82 &  0.18 & 9.929e-05 \\ 
  hsmuce &     0 & 99.48 &  0.52 & 0.0001267 \\ 
  msfpop &     0 &  98.9 &   1.1 & 0.0001059 \\ 
  huber &     0 &  82.3 &  17.7 & 0.0002338 \\ 
  biweight &     0 &    93 &     7 & 0.0001644 \\ 
   \hline
\end{tabular}
\caption{test} 
\end{table}
