% latex table generated in R 4.2.1 by xtable 1.8-4 package
% Thu Mar 23 09:27:06 2023
\begin{table}[ht]
\centering
\begin{tabular}{l|cccc}
  \hline
Method & $\hat{K} < K$ & $\hat{K} = K$ & $\hat{K} > K$ & MISE \\ 
  \hline
arlotV2 &     0 & 22.64 & 77.36 & 4.951e-05 \\ 
  arlotV5 &     0 & 19.95 & 80.05 & 0.05203 \\ 
  copps &     0 &  91.5 &   8.5 & 1.522e-10 \\ 
  CV1 &     0 & 88.22 & 11.78 & 1.674e-10 \\ 
  CVmod &     0 & 91.17 &  8.83 & 1.48e-10 \\ 
  CV2fold &     0 & 86.74 & 13.26 & 1.726e-10 \\ 
  CV5fold &     0 &  79.9 &  20.1 & 2.294e-10 \\ 
  CV10fold &     0 & 73.92 & 26.08 & 2.81e-10 \\ 
  CV20fold &     0 & 68.21 & 31.79 & 3.237e-10 \\ 
  nonAdaptiveCV5fold &     0 & 79.87 & 20.13 & 2.308e-10 \\ 
  pelt &     0 & 90.66 &  9.34 & 1.707e-10 \\ 
  binseg &     0 & 93.04 &  6.96 & 1.442e-10 \\ 
  sbs &     0 &  99.7 &   0.3 & 1.036e-10 \\ 
  wbs &     0 & 86.18 & 13.82 & 1.637e-10 \\ 
  fdrseg &     0 & 88.63 & 11.37 & 1.651e-10 \\ 
  smuce &     0 & 99.78 &  0.22 & 1.024e-10 \\ 
  hsmuce &     0 & 99.54 &  0.46 & 2.97e-06 \\ 
  msfpop &     0 & 98.92 &  1.08 & 1.092e-10 \\ 
  huber &     0 & 81.83 & 18.17 & 2.371e-10 \\ 
  biweight &     0 & 92.59 &  7.41 & 8.911e-06 \\ 
   \hline
\end{tabular}
\caption{test} 
\end{table}
