% latex table generated in R 4.2.1 by xtable 1.8-4 package
% Wed Mar 22 22:40:19 2023
\begin{table}[ht]
\centering
\begin{tabular}{l|cccc}
  \hline
Method & $\hat{K} < K$ & $\hat{K} = K$ & $\hat{K} > K$ & MISE \\ 
  \hline
arlotV2 &     0 & 22.01 & 77.99 & 5e-05 \\ 
  arlotV5 &     0 &  18.9 &  81.1 & 0.05105 \\ 
  copps &     0 & 18.47 & 81.53 & 2.034e-09 \\ 
  CV1 &     0 & 86.13 & 13.87 & 1.752e-10 \\ 
  CVmod &     0 & 90.94 &  9.06 & 1.49e-10 \\ 
  CV2fold &     0 & 87.15 & 12.85 & 1.691e-10 \\ 
  CV5fold &     0 & 79.72 & 20.28 & 2.289e-10 \\ 
  CV10fold &     0 & 72.89 & 27.11 & 2.838e-10 \\ 
  CV20fold &     0 & 67.37 & 32.63 & 3.288e-10 \\ 
  nonAdaptiveCV5fold &     0 & 79.68 & 20.32 & 2.313e-10 \\ 
  pelt &     0 & 91.29 &  8.71 & 1.659e-10 \\ 
  binseg &     0 & 93.37 &  6.63 & 1.421e-10 \\ 
  sbs &     0 & 99.58 &  0.42 & 1.045e-10 \\ 
  wbs &     0 & 86.84 & 13.16 & 1.624e-10 \\ 
  fdrseg &     0 &  88.8 &  11.2 & 1.64e-10 \\ 
  smuce &     0 & 99.78 &  0.22 & 1.023e-10 \\ 
  hsmuce &     0 & 99.28 &  0.72 & 3.96e-06 \\ 
  msfpop &     0 & 98.82 &  1.18 & 1.097e-10 \\ 
  huber &     0 & 82.46 & 17.54 & 2.335e-10 \\ 
  biweight &     0 &    93 &     7 & 1.535e-05 \\ 
   \hline
\end{tabular}
\caption{test} 
\end{table}
