% latex table generated in R 4.2.1 by xtable 1.8-4 package
% Wed Mar 22 22:40:30 2023
\begin{table}[ht]
\centering
\begin{tabular}{l|cccc}
  \hline
Method & $\hat{K} < K$ & $\hat{K} = K$ & $\hat{K} > K$ & MISE \\ 
  \hline
arlotV2 &     0 & 39.78 & 60.22 & 6.111e-05 \\ 
  arlotV5 &     0 & 40.16 & 59.84 & 0.009707 \\ 
  copps &     0 & 32.34 & 67.66 & 1.227e-05 \\ 
  CV1 &     0 & 86.53 & 13.47 & 1.72e-06 \\ 
  CVmod &     0 & 91.33 &  8.67 & 1.453e-06 \\ 
  CV2fold &     0 & 87.54 & 12.46 & 1.649e-06 \\ 
  CV5fold &     0 & 80.75 & 19.25 & 2.227e-06 \\ 
  CV10fold &     0 & 74.41 & 25.59 & 2.753e-06 \\ 
  CV20fold &     0 & 68.21 & 31.79 & 3.225e-06 \\ 
  nonAdaptiveCV5fold &     0 & 80.71 & 19.29 & 2.238e-06 \\ 
  pelt &     0 & 91.71 &  8.29 & 1.603e-06 \\ 
  binseg &     0 & 93.94 &  6.06 & 1.364e-06 \\ 
  sbs &     0 &  99.6 &   0.4 & 1.018e-06 \\ 
  wbs &     0 & 86.39 & 13.61 & 1.561e-06 \\ 
  fdrseg &     0 & 87.88 & 12.12 & 1.659e-06 \\ 
  smuce &     0 & 99.81 &  0.19 & 9.97e-07 \\ 
  hsmuce &     0 & 99.53 &  0.47 & 7.902e-06 \\ 
  msfpop &     0 & 98.85 &  1.15 & 1.074e-06 \\ 
  huber &     0 & 82.52 & 17.48 & 2.314e-06 \\ 
  biweight &     0 & 93.21 &  6.79 & 1.735e-05 \\ 
   \hline
\end{tabular}
\caption{test} 
\end{table}
