% latex table generated in R 4.2.1 by xtable 1.8-4 package
% Wed Mar 22 22:41:00 2023
\begin{table}[ht]
\centering
\begin{tabular}{l|cccc}
  \hline
Method & $\hat{K} < K$ & $\hat{K} = K$ & $\hat{K} > K$ & MISE \\ 
  \hline
arlotV2 &     0 & 23.11 & 76.89 & 5.024e-05 \\ 
  arlotV5 &     0 & 20.25 & 79.75 & 0.0451 \\ 
  copps &     0 &  18.6 &  81.4 & 1.982e-07 \\ 
  CV1 &     0 & 86.51 & 13.49 & 1.712e-08 \\ 
  CVmod &     0 & 91.31 &  8.69 & 1.463e-08 \\ 
  CV2fold &     0 & 87.66 & 12.34 & 1.648e-08 \\ 
  CV5fold &     0 & 79.81 & 20.19 & 2.264e-08 \\ 
  CV10fold &     0 & 73.77 & 26.23 & 2.74e-08 \\ 
  CV20fold &     0 & 68.07 & 31.93 & 3.214e-08 \\ 
  nonAdaptiveCV5fold &     0 & 79.78 & 20.22 & 2.281e-08 \\ 
  pelt &     0 & 91.12 &  8.88 & 1.669e-08 \\ 
  binseg &     0 & 93.28 &  6.72 & 1.417e-08 \\ 
  sbs &     0 & 99.61 &  0.39 & 1.03e-08 \\ 
  wbs &     0 & 86.61 & 13.39 & 1.595e-08 \\ 
  fdrseg &     0 & 86.97 & 13.03 & 1.739e-08 \\ 
  smuce &     0 & 99.74 &  0.26 & 1.017e-08 \\ 
  hsmuce &     0 & 99.32 &  0.68 & 4.957e-06 \\ 
  msfpop &     0 & 98.75 &  1.25 & 1.091e-08 \\ 
  huber &     0 & 82.51 & 17.49 & 2.33e-08 \\ 
  biweight &     0 & 93.04 &  6.96 & 2.081e-05 \\ 
   \hline
\end{tabular}
\caption{test} 
\end{table}
