% latex table generated in R 4.2.1 by xtable 1.8-4 package
% Thu Mar 23 11:39:14 2023
\begin{table}[ht]
\centering
\begin{tabular}{l|cccc}
  \hline
Method & $\hat{K} < K$ & $\hat{K} = K$ & $\hat{K} > K$ & MISE \\ 
  \hline
copps &  0.54 & 64.93 & 34.53 & 0.02296 \\ 
  CV1 &  0.53 & 67.64 & 31.83 & 0.02275 \\ 
  CVmod &  8.63 & 82.21 &  9.16 & 0.02377 \\ 
  CV2fold &  1.06 & 70.15 & 28.79 & 0.02251 \\ 
  CV5fold &  0.27 & 75.57 & 24.16 & 0.02192 \\ 
  nonAdaptiveCV5fold &  0.27 & 75.58 & 24.15 & 0.02192 \\ 
  pelt &  0.42 &    94 &  5.58 & 0.02066 \\ 
  binseg &  0.34 & 77.51 & 22.15 & 0.02456 \\ 
  sbs &  7.94 & 86.41 &  5.65 & 0.02845 \\ 
  wbs &  6.14 & 86.05 &  7.81 & 0.02778 \\ 
  fdrseg &  1.43 & 82.28 & 16.29 & 0.02231 \\ 
  smuce & 99.91 &  0.09 &     0 & 0.209 \\ 
  hsmuce &   100 &     0 &     0 & 0.7594 \\ 
  msfpop &  9.74 &  90.2 &  0.06 & 0.02326 \\ 
  huber &  0.12 & 84.98 &  14.9 & 0.02141 \\ 
  biweight &  0.47 &  95.5 &  4.03 & 0.021 \\ 
   \hline
\end{tabular}
\caption{test} 
\end{table}
