% latex table generated in R 4.2.1 by xtable 1.8-4 package
% Wed Mar 29 09:57:20 2023
\begin{table}[ht]
\centering
\begin{tabular}{|l|cccc|}
  \hline
Method & $\hat{K} < K$ & $\hat{K} = K$ & $\hat{K} > K$ & $\operatorname{MISE}$ \\ 
  \hline
$2$-fold $\operatorname{CV}_{(1)}$ &     0 & 86.98 & 13.02 & 0.02159 \\ 
  $5$-fold $\operatorname{CV}_{(1)}$ &     0 & 79.39 & 20.61 & 0.02747 \\ 
  $10$-fold $\operatorname{CV}_{(1)}$ &     0 & 73.25 & 26.75 & 0.03249 \\ 
  $20$-fold $\operatorname{CV}_{(1)}$ &     0 & 67.72 & 32.28 & 0.0374 \\ 
  $\operatorname{COPSS}$ &  0.47 & 69.69 & 29.84 & 0.04654 \\ 
  $\operatorname{CV}_{(1)}$ &     0 & 87.18 & 12.82 & 0.02183 \\ 
  $\operatorname{CV}_{\operatorname{mod}}$ &     0 & 92.03 &  7.97 & 0.0191 \\ 
  $\operatorname{LooVF}_2$ & 50.14 & 40.25 &  9.61 & 1.196 \\ 
  $\operatorname{LooVF}_5$ &  9.43 & 63.72 & 26.85 & 0.252 \\ 
  $\operatorname{PELT}$ &     0 & 91.34 &  8.66 & 0.02118 \\ 
  $\operatorname{WBS}$ &     0 & 87.38 & 12.62 & 0.0204 \\ 
  $\operatorname{FDRSeg}$ &     0 & 82.19 & 17.81 & 0.02409 \\ 
  $\operatorname{Ms.FPOP}$ &     0 & 98.89 &  1.11 & 0.01549 \\ 
  $\operatorname{Biweight}$ &     0 & 93.21 &  6.79 & 0.02723 \\ 
   \hline
\end{tabular}
\caption{Under II ...} 
\end{table}
