% latex table generated in R 4.2.1 by xtable 1.8-4 package
% Wed Mar 22 21:44:49 2023
\begin{table}[ht]
\centering
\begin{tabular}{l|cccc}
  \hline
Method & $\hat{K} < K$ & $\hat{K} = K$ & $\hat{K} > K$ & MISE \\ 
  \hline
arlotV2 &     0 & 51.62 & 48.38 & 0.07123 \\ 
  arlotV5 &  0.01 & 50.64 & 49.35 & 4.553 \\ 
  arlotV2rev &   100 &     0 &     0 & 2.362 \\ 
  arlotV5rev &   100 &     0 &     0 & 2.362 \\ 
  copps & 99.95 &     0 &  0.05 & 2.361 \\ 
  CV1 &     0 & 87.18 & 12.82 & 0.02183 \\ 
  CVmod &     0 & 92.03 &  7.97 & 0.0191 \\ 
  CV2fold &     0 & 86.98 & 13.02 & 0.02159 \\ 
  CV5fold &     0 & 79.39 & 20.61 & 0.02747 \\ 
  CV10fold &     0 & 73.25 & 26.75 & 0.03249 \\ 
  CV20fold &     0 & 67.72 & 32.28 & 0.0374 \\ 
  nonAdaptiveCV5fold &     0 & 79.35 & 20.65 & 0.02765 \\ 
  pelt &     0 & 91.34 &  8.66 & 0.02118 \\ 
  binseg &     0 & 93.51 &  6.49 & 0.01869 \\ 
  sbs &     0 & 99.61 &  0.39 & 0.01495 \\ 
  wbs &     0 & 87.38 & 12.62 & 0.0204 \\ 
  fdrseg &     0 & 82.19 & 17.81 & 0.02409 \\ 
  smuce &     0 &  99.8 &   0.2 & 0.01474 \\ 
  hsmuce & 99.49 &  0.51 &     0 & 13.02 \\ 
  msfpop &     0 & 98.89 &  1.11 & 0.01549 \\ 
  huber &     0 & 82.23 & 17.77 & 0.02818 \\ 
  biweight &     0 & 93.21 &  6.79 & 0.05512 \\ 
   \hline
\end{tabular}
\caption{test} 
\end{table}
