% latex table generated in R 4.2.1 by xtable 1.8-4 package
% Wed Mar  8 23:16:20 2023
\begin{table}[ht]
\centering
\begin{tabular}{l|cccc}
  \hline
Method & $\hat{K} < K$ & $\hat{K} = K$ & $\hat{K} > K$ & MISE \\ 
  \hline
copps &  60.7 &  33.5 &   5.8 & 1.493 \\ 
  CV1 & 16.27 & 73.49 & 10.24 & 1.004 \\ 
  CVmod & 15.61 & 74.94 &  9.45 & 1.006 \\ 
  CV2fold & 13.88 & 75.91 & 10.21 & 0.9858 \\ 
  CV5fold &  3.56 & 81.15 & 15.29 & 0.9061 \\ 
  nonAdaptiveCV5fold &  3.56 & 81.08 & 15.36 & 0.9076 \\ 
  pelt &  0.91 &  95.9 &  3.19 & 0.8369 \\ 
  binseg &  7.93 & 24.16 & 67.91 &   1.2 \\ 
  sbs & 64.65 & 12.87 & 22.48 & 2.223 \\ 
  wbs &   4.7 & 40.65 & 54.65 &  1.14 \\ 
  fdrseg &  1.05 & 74.22 & 24.73 & 0.9133 \\ 
  smuce & 86.31 & 13.69 &     0 & 2.483 \\ 
  hsmuce &   100 &     0 &     0 & 16.09 \\ 
  msfpop &  6.62 & 92.83 &  0.55 & 0.8754 \\ 
  huber &  0.56 & 87.42 & 12.02 & 0.8955 \\ 
  biweight &  2.69 & 94.65 &  2.66 & 0.8935 \\ 
   \hline
\end{tabular}
\caption{test} 
\end{table}
