% latex table generated in R 4.2.1 by xtable 1.8-4 package
% Wed Mar 22 15:39:42 2023
\begin{table}[ht]
\centering
\begin{tabular}{l|cccc}
  \hline
Method & $\hat{K} < K$ & $\hat{K} = K$ & $\hat{K} > K$ & MISE \\ 
  \hline
arlotV2 &     0 & 68.49 & 31.51 & 0.03502 \\ 
  arlotV5 &  0.01 & 63.47 & 36.52 & 0.0493 \\ 
  arlotV2rev & 50.14 & 40.25 &  9.61 & 1.196 \\ 
  arlotV5rev &  9.43 & 63.72 & 26.85 & 0.252 \\ 
  copps &  0.47 & 69.69 & 29.84 & 0.04654 \\ 
  CV1 &     0 & 87.18 & 12.82 & 0.02183 \\ 
  CVmod &     0 & 92.03 &  7.97 & 0.0191 \\ 
  CV2fold &     0 & 86.98 & 13.02 & 0.02159 \\ 
  CV5fold &     0 & 79.39 & 20.61 & 0.02747 \\ 
  CV10fold &     0 & 73.25 & 26.75 & 0.03249 \\ 
  CV20fold &     0 & 67.72 & 32.28 & 0.0374 \\ 
  nonAdaptiveCV5fold &     0 & 79.35 & 20.65 & 0.02765 \\ 
  pelt &     0 & 91.34 &  8.66 & 0.02118 \\ 
  binseg &     0 & 93.51 &  6.49 & 0.01869 \\ 
  sbs &     0 & 99.61 &  0.39 & 0.01495 \\ 
  wbs &     0 & 87.38 & 12.62 & 0.0204 \\ 
  fdrseg &     0 & 82.19 & 17.81 & 0.02409 \\ 
  smuce &     0 &  99.8 &   0.2 & 0.01474 \\ 
  hsmuce & 99.49 &  0.51 &     0 & 4.187 \\ 
  msfpop &     0 & 98.89 &  1.11 & 0.01549 \\ 
  huber &     0 & 82.23 & 17.77 & 0.02818 \\ 
  biweight &     0 & 93.21 &  6.79 & 0.02723 \\ 
   \hline
\end{tabular}
\caption{test} 
\end{table}
