% latex table generated in R 4.2.1 by xtable 1.8-4 package
% Thu Mar 23 04:42:22 2023
\begin{table}[ht]
\centering
\begin{tabular}{l|cccc}
  \hline
Method & $\hat{K} < K$ & $\hat{K} = K$ & $\hat{K} > K$ & MISE \\ 
  \hline
copps & 12.84 & 74.78 & 12.38 & 0.9794 \\ 
  CV1 & 13.28 & 75.54 & 11.18 & 0.9811 \\ 
  CVmod & 15.55 & 75.07 &  9.38 & 1.003 \\ 
  CV2fold & 13.88 & 75.37 & 10.75 & 0.9867 \\ 
  CV5fold &  3.46 & 81.14 &  15.4 & 0.9011 \\ 
  nonAdaptiveCV5fold &  3.45 & 81.09 & 15.46 & 0.9019 \\ 
  pelt &  0.78 & 95.83 &  3.39 & 0.831 \\ 
  binseg &  7.26 & 24.48 & 68.26 & 1.183 \\ 
  sbs & 65.53 & 12.27 &  22.2 &  2.22 \\ 
  wbs &  4.73 & 39.95 & 55.32 & 1.135 \\ 
  fdrseg &  0.78 & 75.17 & 24.05 & 0.9086 \\ 
  smuce & 85.87 & 14.13 &     0 & 2.474 \\ 
  hsmuce &   100 &     0 &     0 & 16.18 \\ 
  msfpop &  6.04 & 93.47 &  0.49 & 0.865 \\ 
  huber &  0.49 & 87.46 & 12.05 & 0.8926 \\ 
  biweight &  2.37 &  94.9 &  2.73 & 0.8888 \\ 
   \hline
\end{tabular}
\caption{test} 
\end{table}
